Escherichia_coli_O157_H7_EC4115	1	0.012534083	0.19804355	0.072691577	0.057125886	0.169101477	0.057410061	0.096931411	0.094182598	0.137973069	0.202676145	0.222381255	0.11893254	0.121162235	0.239435198	0.079025984	0.168640491	0.098024841	0.094222833	0.147155695	0.176274687	0.160375843	0.188427927	0.185761641	0.091446209	0.09842528	0.045008638	0.155363513	0.169838318	0.077015714	0.079447223	0.125454561	0.101413097	0.183628599	0.069059574	0.061065327	0.072379831	0.09758063	0.164591089	0.17539131	0.235873212	0.181207147	0.102787084	0.228523884	0.142449332	0.069645952	0.183888316	0.088924808	0.132480846	0.113215998	0.086638694	0.132609824	0.074696071	0.122542636	0.087343808	0.100818088	0.181030127	0.155604937	0.107347452	0.134679457	0.123825928	0.216452724	0.159119738	0.134383674	0.057275313	0.04437671	0.255766072	0.140287412	0.066161538	0.246106607	0.064478843	0.179171162	0.113131982	0.091211613	0.176809272	0.194793055	0.176125052	0.006588253	0.045413351	0.008117771	0.013183966	0.079792864	0.054736152	0.054234335	0.091401285	0.070192731	0.048076403	0.009070145	0.119559141	0.045167938	0.011640486	0.027232594	0.034856782	0.015554212	0.017864823	0.033514844	0.028802757	0.016860937	0.02092658	0.095171393	0.020838475	0.097053138	0.042117051	0.042409454	0.007744692	0.075271369	0.017923862	0.020758857	0.009258837	0.021643244	0.020155552	0.081895702	0.066633935	0.011190799	0.045208357	0.046221538	0.007586511	0.0104537	0.030843318	0.022896577	0.017526657	0.06097801	0.023178831	0.013784873	0.016642366	0.004322877	0.07523838	0.004955471	0.008564242	0.020803226	0.013305118	0.018126266	0.04018433	0.028817422	0.134949138	0.016682343	0.05852445	0.008963745	0.006987725	0.023528373	0.018906307	0.002659207	0.010961424	0.010327461	0.00269121	0.068416816	0.036011409	0.037904984	0.081778333	0.008711464	0.045719947	0.010537423	0.008570357	0.006028572
Leuconostoc_mesenteroides_mesenteroides_ATCC_8293	0.012534083	1	0.008501467	0.002839211	0.001592009	0.034212816	0.002131416	0.004548482	0.005765046	0.009791983	0.010473441	0.013218718	0.005338276	0.009319645	0.012444363	0.007474187	0.005482963	0.009245853	0.005741782	0.005346813	0.006982177	0.007373159	0.006542173	0.008910395	0.004690125	0.002339091	0.001185539	0.005206238	0.006700086	0.00327618	0.022110901	0.005638235	0.018943949	0.031401455	0.119945065	0.003796362	0.00923606	0.00326961	0.041523624	0.015164985	0.011862613	0.011482329	0.089962466	0.021952462	0.060246935	0.004069474	0.014885363	0.002461613	0.00484248	0.081710807	0.006285394	0.004317333	0.002136126	0.067039405	0.005597772	0.003005668	0.007775075	0.005513719	0.006432606	0.004336492	0.038149303	0.020829095	0.006595455	0.00885958	0.001959601	0.003810213	0.020341114	0.005317692	0.001831732	0.011132446	0.002547616	0.010557941	0.003347826	0.003495704	0.011622995	0.025344504	0.020566611	0.111775082	0.172286799	0.202562113	0.249314312	0.096986499	0.070443329	0.023610878	0.00858518	0.08834833	0.053082984	0.175641733	0.064637747	0.155938327	0.12407888	0.112504135	0.205777653	0.141794785	0.168955739	0.230589662	0.215758715	0.145566126	0.234360672	0.058113042	0.200557691	0.036733124	0.15100599	0.109161424	0.14648507	0.012462185	0.213765235	0.065523514	0.121415247	0.224396384	0.278120372	0.086425038	0.082086369	0.219902647	0.095925588	0.091459355	0.116283608	0.007259913	0.038318779	0.023936086	0.115759919	0.087848541	0.058216356	0.062435444	0.074032875	0.129973972	0.016441684	0.217747517	0.041443788	0.111064387	0.031963625	0.048554164	0.177736321	0.023131617	0.024077146	0.047118392	0.014767997	0.122693195	0.029947095	0.185098271	0.042778295	0.050423062	0.085031851	0.136514079	0.093334558	0.071191859	0.100940391	0.093938221	0.086095389	0.185501522	0.110081141	0.177719685	0.183155121	0.123446386
Coprococcus_comes_ATCC_27758	0.19804355	0.008501467	1	0.167105367	0.145626254	0.213306757	0.158369849	0.200621056	0.157732973	0.124296088	0.56139793	0.541376756	0.191272112	0.233350609	0.303515871	0.169189987	0.396961602	0.155825797	0.169206183	0.488782911	0.511769151	0.586343623	0.551128475	0.520148916	0.186978872	0.200589645	0.129739074	0.498784675	0.50344391	0.257773494	0.14586525	0.37048702	0.180461259	0.082995347	0.050212259	0.144392366	0.174515944	0.360839293	0.144926192	0.24796604	0.164622375	0.288804724	0.072856625	0.192739618	0.102206031	0.179998429	0.318774907	0.270289119	0.440182891	0.059749536	0.30189973	0.461053619	0.229121057	0.099479519	0.240111595	0.324372516	0.648266932	0.437051535	0.351585765	0.494189322	0.144306475	0.35160791	0.531722688	0.21475588	0.152768655	0.150288202	0.342046857	0.485671706	0.161767521	0.166288058	0.1944787	0.546896709	0.353913478	0.357769063	0.300573603	0.32801781	0.093740073	0.002957091	0.028189739	0.003929287	0.00674386	0.040935398	0.062919561	0.060987176	0.141029719	0.049733044	0.035528327	0.00421329	0.089383398	0.03026079	0.005312913	0.014302366	0.020452129	0.009066054	0.009834775	0.01844548	0.016265979	0.010944893	0.011547244	0.030755537	0.01126721	0.148703676	0.028402598	0.02365226	0.003885685	0.197260581	0.008947483	0.023287943	0.006449459	0.010184917	0.010637795	0.033100127	0.050514658	0.005693352	0.016597545	0.035010271	0.00341332	0.013386158	0.029578821	0.016557925	0.009858553	0.027708247	0.013557742	0.012488315	0.007010526	0.002801433	0.010164455	0.0033696	0.004123791	0.02551457	0.016710353	0.00795433	0.019478234	0.031354796	0.194582089	0.01516043	0.125845005	0.004008106	0.007723111	0.013089534	0.007852347	0.003059023	0.004644799	0.004456193	0.002334177	0.057045587	0.025842787	0.033770601	0.053990899	0.003963725	0.033489426	0.004879772	0.004012835	0.004823677
Akkermansia_muciniphila_ATCC_BAA_835	0.072691577	0.002839211	0.167105367	1	0.24902708	0.05958478	0.230158609	0.234102419	0.091710853	0.099204262	0.135055465	0.118458208	0.132781937	0.103591054	0.073057889	0.125500706	0.156305773	0.106307399	0.081139602	0.185490646	0.167780539	0.167474216	0.179214913	0.152173579	0.146115429	0.207565987	0.242364936	0.209485721	0.175120044	0.243495725	0.040766876	0.191251433	0.052656342	0.019867029	0.015997124	0.170172538	0.062234973	0.179908134	0.036577607	0.065899933	0.041644855	0.128481597	0.020380264	0.049781786	0.025097594	0.12301466	0.068338795	0.281789718	0.205839532	0.015204525	0.142340604	0.212443315	0.265709794	0.028269273	0.110999462	0.257894488	0.162193285	0.198597142	0.170504592	0.210271226	0.05428751	0.100818936	0.176747416	0.119237284	0.229555151	0.076470685	0.08350758	0.169308188	0.197089026	0.052015853	0.261693682	0.170619222	0.258856293	0.219856557	0.111025244	0.077563788	0.029188752	0.000883047	0.007034339	0.001477607	0.002705866	0.007962661	0.021916377	0.004781592	0.027090142	0.012152416	0.009558351	0.00142135	0.023349369	0.009798792	0.001647031	0.00368762	0.006866591	0.001727991	0.002311608	0.006031009	0.005616455	0.002917665	0.004148167	0.005537261	0.004010909	0.051754324	0.009743003	0.007379812	0.001064999	0.086137535	0.003310303	0.00320257	0.001181717	0.003172729	0.003303219	0.008456399	0.009142731	0.001919884	0.0070471	0.00783065	0.000998834	0.000157613	0.010927634	0.001995713	0.000916476	0.008583031	0.000876045	0.001767119	0.000604263	0.001041627	0.000391694	0.001168314	0.000285085	0.004180241	0.002821692	0.000484542	0.005781621	0.007379612	0.061550415	0.004910502	0.058933077	0.001129825	0.000662767	0.004325435	0.00044202	0.001197643	0.002005421	0.001206897	0.001007795	0.009047174	0.004284235	0.006078855	0.01049499	0.001229164	0.006885342	0.001469888	0.00141507	0.002020077
Alistipes_putredinis_DSM_17216	0.057125886	0.001592009	0.145626254	0.24902708	1	0.041799206	0.451799207	0.251886605	0.153209088	0.096182314	0.127087303	0.106362195	0.237505775	0.124759203	0.065387177	0.103327636	0.209998923	0.094913051	0.168507061	0.227024486	0.159955297	0.175283916	0.19515543	0.137744588	0.225887577	0.421023249	0.571055286	0.241712801	0.18855818	0.294783447	0.050102872	0.164602382	0.058589876	0.026732271	0.009402892	0.22342601	0.078746906	0.281234707	0.025443458	0.058427391	0.054511227	0.102501744	0.013726236	0.052584847	0.01943259	0.209043974	0.063626919	0.390876672	0.211291302	0.011734249	0.136024977	0.238124291	0.428581747	0.018610842	0.142814516	0.343943147	0.162487669	0.23342053	0.170054283	0.256453228	0.03775257	0.063537499	0.197277588	0.105851058	0.467602094	0.161872027	0.062944823	0.22063799	0.418408265	0.065475338	0.265420465	0.120644371	0.302275839	0.306148916	0.105092639	0.058650368	0.034794852	0.000553753	0.004591048	0.00073581	0.001262875	0.0070673	0.01351826	0.023214491	0.05425529	0.007565367	0.015795316	0.000788993	0.014846783	0.005666723	0.000994911	0.002678302	0.003829925	0.001697735	0.001841688	0.003454154	0.003046014	0.002049572	0.00216237	0.006666444	0.00210993	0.029565079	0.005550387	0.008624914	0.000727645	0.083967585	0.001675532	0.004862992	0.001207744	0.001907257	0.001992064	0.006267045	0.007924105	0.001066153	0.002139359	0.006556124	0.000639188	0.001772332	0.0092796	0.008299596	0.000804055	0.003810079	0.002538862	0.004314671	0.001312811	0.000524604	0.001550328	0.000631001	0.000640083	0.004479896	0.002342022	0.001489551	0.003279064	0.028982126	0.046457251	0.002833311	0.047854448	0.00075057	0.000580028	0.002451184	0.001487401	0.000572842	0.000869798	0.00083448	0.000349132	0.010077799	0.003703174	0.005704569	0.011038233	0.000742258	0.005409734	0.0009138	0.000751455	0.000903296
Anaerotruncus_colihominis_DSM_17241	0.169101477	0.034212816	0.213306757	0.05958478	0.041799206	1	0.049332164	0.075317056	0.083152592	0.111068094	0.245538461	0.308686784	0.087544844	0.162141918	0.233488112	0.133162423	0.152884095	0.16451082	0.083261966	0.141689166	0.187572823	0.18606686	0.175369707	0.222742012	0.085512055	0.06356201	0.03357284	0.136425283	0.178581633	0.064879671	0.186878039	0.130224365	0.150338502	0.196592259	0.201655104	0.062380065	0.068878714	0.087024121	0.41997238	0.20167948	0.204234819	0.227211651	0.285639153	0.363378968	0.337748804	0.076649667	0.345292961	0.069952994	0.115987428	0.208270737	0.11142611	0.119781151	0.058980235	0.359736352	0.05721378	0.085137077	0.187838709	0.131135078	0.147267824	0.117114834	0.383651773	0.421355094	0.161777696	0.179102701	0.040511451	0.046207295	0.438029124	0.138949177	0.052669239	0.195432811	0.063122529	0.255868423	0.092803098	0.091686659	0.209981569	0.437826125	0.172954733	0.011900347	0.098784348	0.015812797	0.027139604	0.114492662	0.136519549	0.087816273	0.094485174	0.141750644	0.12828241	0.016955721	0.270561487	0.121779786	0.01916874	0.035448929	0.082306372	0.027245091	0.035795704	0.074051181	0.065459872	0.033117893	0.046470065	0.092417256	0.045343113	0.23503953	0.098321495	0.103107326	0.014589229	0.107459792	0.036007738	0.045932899	0.017897668	0.037592557	0.042662182	0.096666783	0.128559304	0.022911997	0.058199169	0.104934248	0.01373637	0.006605696	0.049420599	0.062157227	0.012870157	0.067577612	0.026916895	0.030742071	0.02084758	0.011273925	0.015116001	0.013560424	0.015709405	0.050918211	0.056601245	0.02051392	0.055266745	0.028814106	0.178096337	0.041516731	0.051480949	0.016101655	0.01312851	0.052676769	0.018388628	0.007908193	0.018692261	0.01731558	0.009393526	0.159094429	0.06740506	0.079089067	0.168375311	0.015612425	0.101980828	0.019107954	0.016149023	0.019412128
Bacteroides_caccae_ATCC_43185	0.057410061	0.002131416	0.158369849	0.230158609	0.451799207	0.049332164	1	0.218318468	0.140800084	0.08253417	0.149227411	0.118833043	0.251761365	0.124503336	0.083199796	0.112053987	0.217814097	0.113311902	0.149670487	0.220524949	0.188353707	0.200364342	0.214140484	0.166713015	0.203173941	0.316778266	0.441164192	0.258410123	0.202572176	0.258693622	0.064800368	0.170741488	0.069922895	0.028679355	0.012296758	0.21053035	0.060149066	0.277313178	0.033945103	0.065560169	0.054971459	0.101956913	0.01733398	0.060551865	0.022632946	0.167134088	0.066319373	0.340624092	0.228444308	0.014570829	0.133380709	0.242501223	0.345777195	0.022675984	0.159395788	0.318806047	0.169134292	0.216694997	0.211577327	0.271157302	0.041549006	0.075889969	0.208601338	0.110948688	0.412386843	0.191629514	0.071284486	0.223066828	0.281018353	0.072686742	0.321578901	0.151145515	0.292563031	0.296772502	0.098493288	0.066782977	0.022013454	0.000741377	0.005894902	0.000985117	0.001690763	0.01029676	0.015573129	0.026777369	0.046665564	0.008742306	0.020702255	0.00105632	0.015236446	0.007554879	0.001332008	0.003585767	0.005107666	0.002272964	0.002465691	0.004624494	0.004078068	0.00274401	0.002895027	0.008138586	0.002824819	0.034793193	0.007422603	0.011505865	0.000974186	0.07597927	0.002243237	0.005951508	0.001616954	0.002551136	0.002667018	0.007602665	0.015759485	0.001427389	0.002319404	0.008295453	0.000855759	0.007529386	0.011965857	0.010193563	0.002471652	0.005187857	0.002041093	0.005537123	0.000854585	0.000620832	0.000817845	0.000844797	0.000731616	0.004089069	0.001978214	0.000838628	0.004699176	0.045065851	0.056981841	0.003800894	0.038336032	0.001004878	0.000650772	0.003281697	0.001904186	0.000766932	0.001164504	0.001117219	0.000546499	0.010831114	0.009063867	0.0047013	0.012161952	0.000993751	0.006432175	0.001223415	0.001006064	0.001209351
Bacteroides_cellulosilyticus_DSM_14838	0.096931411	0.004548482	0.200621056	0.234102419	0.251886605	0.075317056	0.218318468	1	0.076161123	0.074032782	0.169278796	0.147778998	0.122723284	0.072094446	0.108767033	0.118006602	0.240218863	0.101998095	0.106739998	0.219200199	0.227175528	0.170394024	0.239679105	0.181637903	0.11940164	0.271883284	0.20459397	0.2221286	0.203175556	0.27296144	0.05690073	0.26090318	0.072160239	0.062789817	0.024878805	0.152356453	0.060664288	0.25670639	0.057719685	0.086176899	0.105993887	0.145955368	0.032111649	0.08060437	0.042633486	0.152454145	0.095986624	0.340175524	0.237705719	0.030499137	0.178620384	0.235112974	0.245264728	0.041575447	0.130911599	0.282512928	0.191064964	0.258622303	0.224955052	0.2431977	0.075449333	0.12025859	0.235897741	0.192866883	0.229863862	0.069912618	0.110050874	0.21969641	0.231971989	0.094766871	0.320658185	0.181985267	0.286891128	0.259178976	0.171849427	0.097552902	0.058446667	0.001648009	0.015201733	0.002245842	0.003854553	0.018324671	0.024766756	0.014748834	0.055570345	0.017936197	0.016512807	0.002395676	0.030912974	0.015942945	0.002621995	0.007924688	0.011513492	0.005044342	0.005516865	0.01019752	0.009110114	0.005483413	0.00650821	0.016294329	0.006330659	0.072276509	0.015550544	0.012751778	0.002220921	0.11611823	0.005109682	0.013819243	0.003586603	0.005699305	0.005799978	0.013718773	0.017781108	0.003254119	0.004578584	0.012897725	0.00186773	0.000555372	0.022901258	0.005095336	0.001365001	0.005018622	0.007680082	0.012013916	0.003104574	0.001301003	0.006197125	0.001748611	0.002357014	0.006878292	0.018706268	0.003333274	0.007116382	0.044279381	0.065937569	0.006781788	0.037191309	0.002165074	0.016809453	0.007311158	0.003812496	0.000821436	0.002189318	0.002547003	0.001334133	0.028981296	0.008953254	0.01258341	0.028859727	0.002252018	0.020316784	0.00271531	0.00223243	0.002115081
Bacteroides_coprocola_M16_DSM_17136	0.094182598	0.005765046	0.157732973	0.091710853	0.153209088	0.083152592	0.140800084	0.076161123	1	0.109903367	0.154477723	0.147780911	0.212759377	0.169416623	0.059147868	0.055561954	0.161513709	0.066708292	0.232534361	0.184492585	0.117338968	0.188358431	0.166421704	0.117722094	0.201902632	0.140062027	0.148487319	0.182914259	0.131378184	0.19131515	0.112374916	0.208573949	0.108172336	0.069048173	0.035660796	0.093642134	0.126031279	0.17732074	0.056740934	0.104027619	0.096086838	0.101719766	0.046109771	0.075128403	0.061575867	0.127808932	0.11485328	0.19402448	0.174255214	0.03690658	0.087747718	0.211822812	0.16391836	0.05607993	0.121464925	0.192710367	0.153157356	0.149865221	0.140769243	0.182588223	0.060540957	0.094265772	0.159972362	0.137892956	0.149115661	0.179391848	0.098398241	0.146929662	0.138638079	0.104754969	0.09612917	0.155369536	0.166522586	0.214288411	0.14935561	0.101453077	0.051124185	0.002365274	0.020357891	0.0031429	0.00535268	0.021266621	0.029582018	0.040251187	0.123868682	0.034862022	0.023816032	0.003370064	0.056567101	0.022979441	0.003922575	0.010562474	0.016262184	0.007251621	0.006763945	0.014703528	0.012952155	0.008107196	0.009236238	0.013961153	0.008825953	0.033995128	0.015895086	0.017884003	0.003108024	0.105613254	0.007106718	0.014619017	0.005020437	0.007476349	0.008504966	0.018280095	0.029362761	0.004394888	0.014992661	0.020230474	0.002730196	0.029489473	0.012950868	0.0070576	0.001683321	0.012216354	0.010844365	0.017347657	0.004979682	0.002083836	0.032917113	0.00236887	0.003298477	0.019599103	0.008783266	0.005440428	0.014215582	0.041140626	0.102305889	0.00733811	0.05511185	0.003205944	0.005846722	0.010467435	0.005175986	0.000972309	0.003173932	0.003564353	0.001867027	0.036852571	0.013299671	0.023794943	0.036299635	0.003170445	0.021819963	0.00390316	0.003209727	0.002866139
Bacteroides_coprophilus_DSM_18228	0.137973069	0.009791983	0.124296088	0.099204262	0.096182314	0.111068094	0.08253417	0.074032782	0.109903367	1	0.113479078	0.121821408	0.103906033	0.147174593	0.072459473	0.083924887	0.096691682	0.106094941	0.246750362	0.111066494	0.102867643	0.136535593	0.114993007	0.109645223	0.079994161	0.078050841	0.07698124	0.136082465	0.09823507	0.096449378	0.057103597	0.079859741	0.052499278	0.071627011	0.065969841	0.11689345	0.161081604	0.101336121	0.090009404	0.107737468	0.057380709	0.110331698	0.082055692	0.100814323	0.083295664	0.121618039	0.103260416	0.069481785	0.099479533	0.064601228	0.125196733	0.083113071	0.116100812	0.097732226	0.102754441	0.081575701	0.138815907	0.117711301	0.106297465	0.12165792	0.090130855	0.108911611	0.129045302	0.115338747	0.08886709	0.154968451	0.120156421	0.106767733	0.105826162	0.097412143	0.064305123	0.106758313	0.089221907	0.077100035	0.101806476	0.130560287	0.041358336	0.00424526	0.031008059	0.005790761	0.00993872	0.033554044	0.044312792	0.021303764	0.068886672	0.042242119	0.037306645	0.006209308	0.066486097	0.043150209	0.007765276	0.018412399	0.030107126	0.009977466	0.011998228	0.02698162	0.023825582	0.012885995	0.016891324	0.022783294	0.016315309	0.05868169	0.030285662	0.033417015	0.005384721	0.118016537	0.013186295	0.015597755	0.006462276	0.014350575	0.015590134	0.033916643	0.044041681	0.007838878	0.023394374	0.028388895	0.004888914	0.054334056	0.022962484	0.007380874	0.002430563	0.023350821	0.007059296	0.008828318	0.004511056	0.003564947	0.003782826	0.003700565	0.0042016	0.015224984	0.008953769	0.00428626	0.023822406	0.0134493	0.109527173	0.012129912	0.110090152	0.005742167	0.003717624	0.019290616	0.004781815	0.002005127	0.005413175	0.006524569	0.00331788	0.042572343	0.023250505	0.018309981	0.048617161	0.005841513	0.031983703	0.007191532	0.005616952	0.004897952
Bacteroides_dorei_5_1_36_D4	0.202676145	0.010473441	0.56139793	0.135055465	0.127087303	0.245538461	0.149227411	0.169278796	0.154477723	0.113479078	1	0.669767439	0.187329624	0.234358159	0.27705721	0.136386633	0.379427264	0.162523924	0.177600857	0.410545858	0.493477403	0.540005833	0.567101895	0.526914519	0.221875523	0.186732318	0.102849337	0.446063313	0.466472029	0.199993687	0.151631268	0.307105849	0.160570625	0.102909941	0.061859339	0.11882379	0.127624433	0.300647459	0.174645259	0.29308056	0.185304332	0.265266779	0.090756491	0.216623472	0.12873722	0.179848117	0.315360749	0.212596215	0.325401684	0.076470367	0.267518944	0.351351486	0.173657701	0.119896878	0.21084004	0.254672313	0.551817455	0.377116317	0.282721952	0.382249157	0.152211562	0.343402634	0.442893792	0.235056445	0.135714649	0.118988477	0.383818937	0.43859337	0.122765164	0.168612556	0.168572164	0.483834529	0.266427715	0.278810653	0.27871764	0.36937733	0.094077507	0.003643009	0.032916451	0.004840712	0.008308145	0.053009412	0.08244651	0.041649177	0.148744752	0.046639775	0.046136409	0.005190591	0.089214818	0.03727999	0.006545279	0.017619898	0.025196142	0.011168988	0.012116019	0.022724037	0.020038986	0.013483636	0.014225707	0.043235911	0.013880717	0.147960815	0.036514645	0.033329243	0.004786997	0.191177265	0.011022914	0.030095681	0.007945456	0.012547379	0.013105306	0.040328067	0.064477154	0.007013964	0.012932514	0.043131146	0.004205063	0.01111089	0.025450883	0.017764639	0.006969803	0.025578884	0.016425856	0.019760889	0.008510879	0.003451244	0.009531407	0.004151202	0.005080333	0.027611738	0.021372917	0.009219178	0.02419928	0.042819883	0.187024328	0.018676997	0.085573721	0.004937814	0.006395184	0.016125742	0.009785247	0.003768585	0.005722192	0.005489838	0.002875605	0.07235421	0.029959338	0.038692441	0.073362853	0.004883138	0.037964447	0.006011669	0.00494364	0.005942562
Bacteroides_dorei_DSM_17855	0.222381255	0.013218718	0.541376756	0.118458208	0.106362195	0.308686784	0.118833043	0.147778998	0.147780911	0.121821408	0.669767439	1	0.18005699	0.252972125	0.312714226	0.152909569	0.352475474	0.18235471	0.168422981	0.361670947	0.457500995	0.505377482	0.484582802	0.485169868	0.187102196	0.156394681	0.085518961	0.384989367	0.416141155	0.172079758	0.158058744	0.286910586	0.191763528	0.117833812	0.078073782	0.110566964	0.130421601	0.242352604	0.203981354	0.290690894	0.193722359	0.30898777	0.113006038	0.254931597	0.150043896	0.150828505	0.369022701	0.17531878	0.289310965	0.093683452	0.238912628	0.307509072	0.146410056	0.152115715	0.177676925	0.208485318	0.502613444	0.323377648	0.276353111	0.313422984	0.200707547	0.428684941	0.404693479	0.243663456	0.110413713	0.105832553	0.477086025	0.379555492	0.106506653	0.177619922	0.140463869	0.508367761	0.229033997	0.233685211	0.29364585	0.468358364	0.114668792	0.004597907	0.042430519	0.00610955	0.010485859	0.060678747	0.093969999	0.058827803	0.138431582	0.059540753	0.062437339	0.006551138	0.106861326	0.047051745	0.008260915	0.02223839	0.031800503	0.01409658	0.015291845	0.028680415	0.025291564	0.017017939	0.01795452	0.051917418	0.017519103	0.168935634	0.04251726	0.045919786	0.006041755	0.179209972	0.013912218	0.038252329	0.010028103	0.015836272	0.016540442	0.052772132	0.07726168	0.00885245	0.016896444	0.053401829	0.005307286	0.009374532	0.038599441	0.023276285	0.012856938	0.03591158	0.018077701	0.023399859	0.009321716	0.004355878	0.009405728	0.005239306	0.00641198	0.02882077	0.023851962	0.010014945	0.030542345	0.034917259	0.212447004	0.023572573	0.084349461	0.006232104	0.008857277	0.020352589	0.011841744	0.004756399	0.007222081	0.006928823	0.003629353	0.086155476	0.034041319	0.040030928	0.089211071	0.006163096	0.048666414	0.007587435	0.006239457	0.007500214
Bacteroides_eggerthii_DSM_20697	0.11893254	0.005338276	0.191272112	0.132781937	0.237505775	0.087544844	0.251761365	0.122723284	0.212759377	0.103906033	0.187329624	0.18005699	1	0.159487099	0.104398568	0.059156527	0.212384636	0.093235168	0.191796241	0.210790123	0.187430288	0.22648328	0.210946685	0.165691526	0.160711029	0.204671526	0.201316754	0.250585896	0.180054022	0.164621841	0.11461456	0.169509292	0.097487245	0.041606421	0.030355001	0.12704359	0.095509123	0.198808936	0.058534519	0.106439422	0.111130812	0.15860337	0.042236438	0.117876591	0.053147267	0.138764309	0.104973791	0.223640618	0.21979915	0.038176606	0.128912632	0.233524704	0.218937033	0.050913893	0.163567514	0.229255534	0.181405425	0.236526861	0.185412409	0.225993368	0.085823192	0.116678481	0.203279995	0.101930776	0.223739543	0.090617058	0.122636659	0.222780623	0.184015067	0.137641373	0.163603978	0.20675632	0.24515495	0.268285763	0.135239591	0.119513824	0.090917882	0.001856829	0.013803237	0.002467294	0.004234632	0.020274009	0.034465292	0.072674554	0.05893534	0.02001877	0.04833569	0.002645626	0.042660656	0.018818569	0.003336106	0.008863789	0.012842384	0.005692794	0.005687612	0.011582361	0.0102138	0.006316735	0.007250792	0.027096158	0.007074952	0.049001587	0.014159651	0.028776983	0.002439915	0.107860217	0.00561834	0.011208593	0.004015132	0.006395355	0.006679728	0.017973019	0.02179009	0.003443207	0.006038549	0.019885469	0.002143306	0.010651036	0.006264459	0.004690477	0.006190422	0.011712175	0.005422454	0.014230973	0.002262089	0.001593654	0.002337009	0.002115853	0.001827666	0.013774564	0.004905116	0.002221302	0.009783704	0.016699173	0.086131472	0.005844044	0.047271159	0.002516786	0.001609879	0.008219234	0.004568276	0.00181915	0.002821639	0.002798151	0.00114449	0.02557483	0.012017199	0.01401948	0.027923032	0.002488918	0.015317332	0.003064126	0.002519756	0.002813974
Bacteroides_finegoldii_DSM_17565	0.121162235	0.009319645	0.233350609	0.103591054	0.124759203	0.162141918	0.124503336	0.072094446	0.169416623	0.147174593	0.234358159	0.252972125	0.159487099	1	0.137663838	0.180308386	0.227274266	0.104625486	0.233277619	0.222355125	0.221609287	0.269486897	0.237808451	0.256656185	0.233275882	0.192417017	0.123517443	0.25097301	0.242804466	0.136659893	0.104749021	0.138474885	0.171908877	0.076156144	0.054812578	0.083410375	0.102704488	0.202832	0.120745833	0.140494969	0.108383075	0.149858267	0.077073032	0.15138742	0.101648816	0.127778859	0.177818494	0.170555048	0.182183195	0.061549248	0.129063343	0.210550256	0.16288124	0.099384814	0.141194992	0.157260888	0.241372318	0.17753268	0.179406758	0.203296724	0.124660787	0.218270766	0.220440207	0.174909661	0.147169082	0.134609594	0.184884222	0.222191591	0.108288055	0.141888842	0.134569121	0.214999486	0.211476149	0.225106448	0.127830926	0.191121788	0.121494171	0.00324168	0.025712915	0.00430744	0.007392887	0.03855471	0.051966717	0.063058067	0.061170938	0.051628208	0.085658585	0.004618775	0.059329777	0.033173078	0.005824225	0.009612902	0.022420434	0.008448682	0.010681544	0.020220666	0.017831411	0.01114665	0.012658546	0.027800977	0.012351562	0.080028352	0.027259594	0.050165895	0.004259642	0.162732274	0.009808586	0.016056271	0.005701563	0.01116511	0.011661573	0.034160552	0.046745922	0.006241278	0.010173404	0.0353406	0.003741817	0.001501272	0.028470695	0.008485101	0.003372772	0.012266137	0.00689856	0.009343962	0.003986399	0.003071042	0.003896774	0.003693889	0.003526172	0.0219753	0.008826858	0.003913442	0.02116428	0.015412395	0.1100358	0.013009528	0.05993573	0.004393845	0.003104164	0.014349266	0.005417278	0.002247467	0.005091812	0.004885055	0.002558817	0.043179704	0.020601315	0.026591605	0.048489278	0.004345192	0.028693637	0.005349399	0.004399029	0.005287906
Bacteroides_fragilis_3_1_12	0.239435198	0.012444363	0.303515871	0.073057889	0.065387177	0.233488112	0.083199796	0.108767033	0.059147868	0.072459473	0.27705721	0.312714226	0.104398568	0.137663838	1	0.12616003	0.23433003	0.163375809	0.069915253	0.198563275	0.276349911	0.22426127	0.232000669	0.287876649	0.10336618	0.097673669	0.058950788	0.200930128	0.252067771	0.113303878	0.087759353	0.164655843	0.107886504	0.113312983	0.09398705	0.083662553	0.082843186	0.153223589	0.203741368	0.175551604	0.204110773	0.219265323	0.123193342	0.232677232	0.158236688	0.101696139	0.27769156	0.113681768	0.183622378	0.112869498	0.151712836	0.19801432	0.09800071	0.146837434	0.112528183	0.133774837	0.25685037	0.187852252	0.176029841	0.195365798	0.181864455	0.273274927	0.223166254	0.13827209	0.063787726	0.090487973	0.329500421	0.221409115	0.069575308	0.187664591	0.119006293	0.280250409	0.154089337	0.15615388	0.217750426	0.283983553	0.168088047	0.005824953	0.052696353	0.00774001	0.013284229	0.056043227	0.087623397	0.095404753	0.092322179	0.082004504	0.075618307	0.008299446	0.101125558	0.058675884	0.009140023	0.016418861	0.039901004	0.012504538	0.017133875	0.036218786	0.032041142	0.017260117	0.022746056	0.064493602	0.022134708	0.195470401	0.050390062	0.063762155	0.005934375	0.077010459	0.017624981	0.030546696	0.007587363	0.01971222	0.020954602	0.056262031	0.070618709	0.011214909	0.026784765	0.056334722	0.006637825	0.001314586	0.02514787	0.030359186	0.017458397	0.043632921	0.018969495	0.013689335	0.013809513	0.005428936	0.018524869	0.005063474	0.007818565	0.023591914	0.033527775	0.015668642	0.026246513	0.038357132	0.090663424	0.015638124	0.037381528	0.007703109	0.016612466	0.0255443	0.015646027	0.002832512	0.008382846	0.007837944	0.004597921	0.085494552	0.030214228	0.041776323	0.082982382	0.007693783	0.060029767	0.009140083	0.007904585	0.007024059
Bacteroides_intestinalis_341_DSM_17393	0.079025984	0.007474187	0.169189987	0.125500706	0.103327636	0.133162423	0.112053987	0.118006602	0.055561954	0.083924887	0.136386633	0.152909569	0.059156527	0.180308386	0.12616003	1	0.127790078	0.095496508	0.069386865	0.154941021	0.168376029	0.145209575	0.138127186	0.184504893	0.162095077	0.156562606	0.111412028	0.1362317	0.220249611	0.090975666	0.055717705	0.168836728	0.129398965	0.066013235	0.052079201	0.086399999	0.058554295	0.140399581	0.121712391	0.116200852	0.114211148	0.117532073	0.070204367	0.12134204	0.080718499	0.085015742	0.142939909	0.153512485	0.153186017	0.059997364	0.119523297	0.132669166	0.165776591	0.084455666	0.115558501	0.15964197	0.166687932	0.16366893	0.128724671	0.145423352	0.107822471	0.167309495	0.161368769	0.157869363	0.103845483	0.042328383	0.159579324	0.156165149	0.127354077	0.09175601	0.143584314	0.160580433	0.16019492	0.138000381	0.154415224	0.153358458	0.069195295	0.00322415	0.029796589	0.004284147	0.007352909	0.034014338	0.044702353	0.014499993	0.024309213	0.04796811	0.034109124	0.004593798	0.05549007	0.032320883	0.00579273	0.010084995	0.022182056	0.007155938	0.010459378	0.019983143	0.017717973	0.008969929	0.012590093	0.029526416	0.012159985	0.076224887	0.027467448	0.025462079	0.003600335	0.057383467	0.009755544	0.01687265	0.00452197	0.011104732	0.011468482	0.0233943	0.035589568	0.006207527	0.009157973	0.025206321	0.003721582	0.000918729	0.013345177	0.005949378	0.002178505	0.00915126	0.004891409	0.00607066	0.002786222	0.002817567	0.002064996	0.003116731	0.004005985	0.013422073	0.035774818	0.002715052	0.015040243	0.010485382	0.089860883	0.010706566	0.081127333	0.004370084	0.032065555	0.014262822	0.004311299	0.00145303	0.004529321	0.004653736	0.00254498	0.046766776	0.017454607	0.015189797	0.044659356	0.004321694	0.038863117	0.005320472	0.00437524	0.004057915
Bacteroides_ovatus_ATCC_8483	0.168640491	0.005482963	0.396961602	0.156305773	0.209998923	0.152884095	0.217814097	0.240218863	0.161513709	0.096691682	0.379427264	0.352475474	0.212384636	0.227274266	0.23433003	0.127790078	1	0.165421172	0.205019342	0.436924536	0.552026927	0.44146078	0.534676438	0.399385702	0.230044764	0.313054646	0.189569033	0.428644311	0.423743255	0.27654741	0.10092648	0.312624079	0.129263633	0.093463544	0.033843931	0.155565628	0.119244462	0.387252142	0.102752249	0.164033543	0.187255466	0.228080467	0.049210043	0.151299016	0.069048076	0.176898359	0.201170511	0.315024878	0.344606249	0.048421195	0.224916822	0.41165097	0.28057655	0.06469793	0.163618777	0.353366943	0.391328142	0.342469888	0.272772041	0.452654742	0.094754201	0.209587186	0.43755605	0.214596852	0.211691432	0.161067512	0.213417974	0.426589299	0.189397355	0.167432211	0.234954959	0.336629338	0.349071351	0.359813428	0.260903166	0.194881994	0.114087061	0.002005732	0.018518671	0.002665151	0.004574216	0.03236237	0.041818664	0.041538143	0.121363685	0.031142945	0.032194422	0.002857784	0.050683071	0.020519741	0.003603635	0.009181873	0.013872241	0.00614931	0.006670718	0.012511174	0.011032866	0.007423687	0.007832249	0.036642848	0.007642308	0.111157034	0.020084942	0.025746217	0.002635577	0.153762035	0.006068887	0.017614081	0.00437453	0.006908211	0.007200166	0.022404861	0.041513697	0.003861679	0.008498902	0.023590459	0.002315182	0.002839737	0.027975209	0.015559166	0.006686845	0.016662353	0.009195926	0.015628027	0.003676212	0.001900152	0.013616472	0.002285528	0.002797079	0.010191261	0.022892171	0.004067086	0.012217	0.040629502	0.116672737	0.010282996	0.0403164	0.002718613	0.006498797	0.008878351	0.004772783	0.00207487	0.003150468	0.00302254	0.001583222	0.042872907	0.024536663	0.018063968	0.039395979	0.00268851	0.023817539	0.003309845	0.002641822	0.003271797
Bacteroides_pectinophilus_ATCC_43243	0.098024841	0.009245853	0.155825797	0.106307399	0.094913051	0.16451082	0.113311902	0.101998095	0.066708292	0.106094941	0.162523924	0.18235471	0.093235168	0.104625486	0.163375809	0.095496508	0.165421172	1	0.089311728	0.169644182	0.142825722	0.167729612	0.161480938	0.151750568	0.071713042	0.088827848	0.082550779	0.145446989	0.145421933	0.091006454	0.098098901	0.115805692	0.081465981	0.077963142	0.064427851	0.22324606	0.104880572	0.127326936	0.117545715	0.149553457	0.076042517	0.135040261	0.0897004	0.165367543	0.102583432	0.173019524	0.164404292	0.10869011	0.109543182	0.06197978	0.159334756	0.131854421	0.119325698	0.117792896	0.155211495	0.104487365	0.157061263	0.143361371	0.133196023	0.150449409	0.105843069	0.16381847	0.159394421	0.107383757	0.10091444	0.109211077	0.191088337	0.138969161	0.119508059	0.094458674	0.152271157	0.172028362	0.084475533	0.1096642	0.150969336	0.21447525	0.054587131	0.003802002	0.030179824	0.005051977	0.00867074	0.032000263	0.053933783	0.027110419	0.034462494	0.044906415	0.040114635	0.005417126	0.062977646	0.038907012	0.006830937	0.012624616	0.026295785	0.008925739	0.011566702	0.023715789	0.020913553	0.012182195	0.014846564	0.021562623	0.014486518	0.091275008	0.02954248	0.03011004	0.004995917	0.056255884	0.01150399	0.019136543	0.006502486	0.012037292	0.013387888	0.028284792	0.042755245	0.007320076	0.011292164	0.036006508	0.004388586	0.002279122	0.024852717	0.009245344	0.003436121	0.013992193	0.006938699	0.009524097	0.004883423	0.003601868	0.003898433	0.004076576	0.003736129	0.017546295	0.033779768	0.004796753	0.021818496	0.011047327	0.107301318	0.019011095	0.086806394	0.005153317	0.003339105	0.016829523	0.004574483	0.003593619	0.005971927	0.005635946	0.002829895	0.05563554	0.020258835	0.022252821	0.05334911	0.005090612	0.033342745	0.006208521	0.005159397	0.006201915
Bacteroides_plebeius_M12_DSM_17135	0.094222833	0.005741782	0.169206183	0.081139602	0.168507061	0.083261966	0.149670487	0.106739998	0.232534361	0.246750362	0.177600857	0.168422981	0.191796241	0.233277619	0.069915253	0.069386865	0.205019342	0.089311728	1	0.211353162	0.146773767	0.228475337	0.209238366	0.124690568	0.179818672	0.162928741	0.143160232	0.216255145	0.132898689	0.170483047	0.086083515	0.156121304	0.081297256	0.041478767	0.037065417	0.079494627	0.167961321	0.190450777	0.053151303	0.077156367	0.060435071	0.088533809	0.045750805	0.077133659	0.047375314	0.150047758	0.090553391	0.169926027	0.188912465	0.040311631	0.138226094	0.198805447	0.201160981	0.054360232	0.137775965	0.180294232	0.178056173	0.206906295	0.114747933	0.205056606	0.066579371	0.09833946	0.212024723	0.144519015	0.159305579	0.181617412	0.099714049	0.173737197	0.149816711	0.064084042	0.102775985	0.143478934	0.174992694	0.202398963	0.138049698	0.096690793	0.068809526	0.002660384	0.018530509	0.003597349	0.00610053	0.019653615	0.027104973	0.012698653	0.102902292	0.037461274	0.024358042	0.003867728	0.051462667	0.025917376	0.004198389	0.012215377	0.018493785	0.005426078	0.007407014	0.016756567	0.014660748	0.00823178	0.01054671	0.020381998	0.010008159	0.038634516	0.017572192	0.019871542	0.002903417	0.144543004	0.008115696	0.008245175	0.003463265	0.008560039	0.009549692	0.017753874	0.028915181	0.004856157	0.015496221	0.018769979	0.003061808	0.033881675	0.007341471	0.003958431	0.001392478	0.013610499	0.003412595	0.004309689	0.002240184	0.002057651	0.001584447	0.002177709	0.002148126	0.011383285	0.005316633	0.002051105	0.011626554	0.029155489	0.112022348	0.007384051	0.040974418	0.003518288	0.002276753	0.011944706	0.005877651	0.001096827	0.003060453	0.003777428	0.002145104	0.025266832	0.013442824	0.012046267	0.027486176	0.003642656	0.018117706	0.004290007	0.003450038	0.002959525
Bacteroides_sp_2_1_7	0.147155695	0.005346813	0.488782911	0.185490646	0.227024486	0.141689166	0.220524949	0.219200199	0.184492585	0.111066494	0.410545858	0.361670947	0.210790123	0.222355125	0.198563275	0.154941021	0.436924536	0.169644182	0.211353162	1	0.462249604	0.526235193	0.541623731	0.418786959	0.259669916	0.317623329	0.215503619	0.547099766	0.447121477	0.300813714	0.112542622	0.378947675	0.141522477	0.059300803	0.031579908	0.139318628	0.185902792	0.424670807	0.092276261	0.171152903	0.160659248	0.236599356	0.045745296	0.128039186	0.062965267	0.167933982	0.234126216	0.346405371	0.429285958	0.036522866	0.278003447	0.48752992	0.325630583	0.06122741	0.264421945	0.377127252	0.469925486	0.414621593	0.297690658	0.525452311	0.083447863	0.226580935	0.577800375	0.210414582	0.228337735	0.173096579	0.210209951	0.498383322	0.223103362	0.150688648	0.236943743	0.358394093	0.395903268	0.392078484	0.231963864	0.198181924	0.079208089	0.001859798	0.017397995	0.00247124	0.004241404	0.024527911	0.043998909	0.035994368	0.13375743	0.034423966	0.02418982	0.002649857	0.048258285	0.019031866	0.003341441	0.008995162	0.012862922	0.005680928	0.005898282	0.011600884	0.010230134	0.006883552	0.007262388	0.02119814	0.007086267	0.099306188	0.018641149	0.016448623	0.002443817	0.156029004	0.005627325	0.016332511	0.004056247	0.006178176	0.00669041	0.019517828	0.036703832	0.00358071	0.00778043	0.021302146	0.002146734	0.00350041	0.027755882	0.011316837	0.006200322	0.015485774	0.008526847	0.012030805	0.004409118	0.0017619	0.008242583	0.002119237	0.002593569	0.010846594	0.022953569	0.005002703	0.012091185	0.031437655	0.139312892	0.009534823	0.114915552	0.002520811	0.007712929	0.008232378	0.004795174	0.001923906	0.002921245	0.002802626	0.00146803	0.040046157	0.018660646	0.017574596	0.033944914	0.002492898	0.023080757	0.003069026	0.002523785	0.003033747
Bacteroides_sp_2_2_4	0.176274687	0.006982177	0.511769151	0.167780539	0.159955297	0.187572823	0.188353707	0.227175528	0.117338968	0.102867643	0.493477403	0.457500995	0.187430288	0.221609287	0.276349911	0.168376029	0.552026927	0.142825722	0.146773767	0.462249604	1	0.517080111	0.583224054	0.548350125	0.220429378	0.254461255	0.15679314	0.495242048	0.538856758	0.27779184	0.127268378	0.386080651	0.15042631	0.091053107	0.041225084	0.129905183	0.120867808	0.382590892	0.135155701	0.21863628	0.180489061	0.24521104	0.059988045	0.176045579	0.085282947	0.174200899	0.263647221	0.299142265	0.411731043	0.059002235	0.281322326	0.429848281	0.241063036	0.079426565	0.200133659	0.36105926	0.484990467	0.369668727	0.325894599	0.485313564	0.116425653	0.269204661	0.49561146	0.197665866	0.188920942	0.130543504	0.283239217	0.473006693	0.170659464	0.176179359	0.227065677	0.407455461	0.36011189	0.340689051	0.256116627	0.252393053	0.087793927	0.002428632	0.022976514	0.003227087	0.00553867	0.039396049	0.053917753	0.043237851	0.132667452	0.033483918	0.033639512	0.003460336	0.065019129	0.024852909	0.004363446	0.011746401	0.016797145	0.007445867	0.00807721	0.015149103	0.013359099	0.00898894	0.009483645	0.038615662	0.009253656	0.119916123	0.024342688	0.024931201	0.003191278	0.195272698	0.007348486	0.021327936	0.005296882	0.008364779	0.008736724	0.027693856	0.051791835	0.004675897	0.0129637	0.028753614	0.002803328	0.002361965	0.034096143	0.0243966	0.008096738	0.022756529	0.011134849	0.016228756	0.004688488	0.002300791	0.012268152	0.002767421	0.003386832	0.013464281	0.026816943	0.005161452	0.016132582	0.027044718	0.120519143	0.012451122	0.059455189	0.003291821	0.015376674	0.010750314	0.006016977	0.002512348	0.003814731	0.00365983	0.001917038	0.055644759	0.029761484	0.022239832	0.048629732	0.00325537	0.033596288	0.004007712	0.003295704	0.003961642
